0 0 0
0 1 0
0 2 0
0 3 0
0 4 0
0 5 0
0 6 0
0 7 0
0 8 0
0 9 0
0 10 0
0 11 0
0 12 0
0 13 0
0 14 0
0 15 0
0 16 0
0 17 0
0 18 0
0 19 0
0 20 0
0 21 0
0 22 0
0 23 0
0 24 0
0 25 0
0 26 0
0 27 0
0 28 0
0 29 0
0 30 0
0 31 0
0 32 0
0 33 0
0 34 0
0 35 0
0 36 0
0 37 0
0 38 0
0 39 0
0 40 0
0 41 0
0 42 0
0 43 0
0 44 0
0 45 0
0 46 0
0 47 0
0 48 0
0 49 0
0 50 0
0 51 0
0 52 0
0 53 0
0 54 0
0 55 0
0 56 0
0 57 0
0 58 0
0 59 0
0 60 0
0 61 0
0 62 0
0 63 0
0 64 0
0 65 0
0 66 0
0 67 0
0 68 0
0 69 0
0 70 0
0 71 0
0 72 0
0 73 0
0 74 0
0 75 0
0 76 0
0 77 0
0 78 0
0 79 0
0 80 0
0 81 0
0 82 0
0 83 0
0 84 0
0 85 0
0 86 0
0 87 0
0 88 0
0 89 0
0 90 0
0 91 0
0 92 0
0 93 0
0 94 0
0 95 0
0 96 0
0 97 0
0 98 0
0 99 0
1 0 0
1 1 5
1 2 17
1 3 35
1 4 59
1 5 89
1 6 125
1 7 167
1 8 215
1 9 269
1 10 329
1 11 395
1 12 467
1 13 545
1 14 629
1 15 719
1 16 815
1 17 917
1 18 1025
1 19 1139
1 20 1259
1 21 1385
1 22 1517
1 23 1655
1 24 1799
1 25 1949
1 26 2105
1 27 2267
1 28 2435
1 29 2609
1 30 2789
1 31 2975
1 32 3167
1 33 3365
1 34 3569
1 35 3779
1 36 3995
1 37 4217
1 38 4445
1 39 4679
1 40 4919
1 41 5165
1 42 5417
1 43 5675
1 44 5939
1 45 6209
1 46 6485
1 47 6767
1 48 7055
1 49 7349
1 50 7649
1 51 7955
1 52 8267
1 53 8585
1 54 8909
1 55 9239
1 56 9575
1 57 9917
1 58 10265
1 59 10619
1 60 10979
1 61 11345
1 62 11717
1 63 12095
1 64 12479
1 65 12869
1 66 13265
1 67 13667
1 68 14075
1 69 14489
1 70 14909
1 71 15335
1 72 15767
1 73 16205
1 74 16649
1 75 17099
1 76 17555
1 77 18017
1 78 18485
1 79 18959
1 80 19439
1 81 19925
1 82 20417
1 83 20915
1 84 21419
1 85 21929
1 86 22445
1 87 22967
1 88 23495
1 89 24029
1 90 24569
1 91 25115
1 92 25667
1 93 26225
1 94 26789
1 95 27359
1 96 27935
1 97 28517
1 98 29105
1 99 29699
2 0 0
2 1 17
2 2 80
2 3 248
2 4 571
2 5 1161
2 6 2082
2 7 3506
2 8 5503
2 9 8313
2 10 12004
2 11 16892
2 12 23035
2 13 30833
2 14 40326
2 15 52006
2 16 65887
2 17 82561
2 18 102008
2 19 124928
2 20 151259
2 21 181817
2 22 216490
2 23 256218
2 24 300831
2 25 351401
2 26 407692
2 27 470916
2 28 540763
2 29 618593
2 30 704014
2 31 798542
2 32 901695
2 33 1015153
2 34 1138336
2 35 1273096
2 36 1418747
2 37 1577321
2 38 1748018
2 39 1933058
2 40 2131519
2 41 2345817
2 42 2574900
2 43 2821388
2 44 3084091
2 45 3365841
2 46 3665302
2 47 3985526
2 48 4325023
2 49 4687073
2 50 5070024
2 51 5477392
2 52 5907355
2 53 6363673
2 54 6844346
2 55 7353386
2 56 7888607
2 57 8454281
2 58 9048028
2 59 9674388
2 60 10330779
2 61 11022017
2 62 11745310
2 63 12505758
2 64 13300351
2 65 14134481
2 66 15004912
2 67 15917336
2 68 16868283
2 69 17863753
2 70 18900034
2 71 19983442
2 72 21110015
2 73 22286393
2 74 23508356
2 75 24782876
2 76 26105467
2 77 27483441
2 78 28912038
2 79 30398918
2 80 31939039
2 81 33540417
2 82 35197720
2 83 36919328
2 84 38699611
2 85 40547321
2 86 42456522
2 87 44436346
2 88 46480543
2 89 48598633
2 90 50784044
2 91 53046692
2 92 55379675
2 93 57793313
2 94 60280366
2 95 62851566
2 96 65499327
2 97 68234801
2 98 71050048
2 99 73956648
3 0 0
3 1 35
3 2 248
3 3 948
3 4 2761
3 5 6825
3 6 14628
3 7 28924
3 8 52957
3 9 91633
3 10 151010
3 11 239846
3 12 367035
3 13 547155
3 14 793986
3 15 1127842
3 16 1569571
3 17 2148815
3 18 2891764
3 19 3841280
3 20 5032797
3 21 6520205
3 22 8352184
3 23 10600168
3 24 13320641
3 25 16609429
3 26 20537558
3 27 25218882
3 28 30745775
3 29 37260879
3 30 44866214
3 31 53744334
3 32 64017751
3 33 75895755
3 34 89532232
3 35 105179820
3 36 123002697
3 37 143313857
3 38 166304284
3 39 192324124
3 40 221607685
3 41 254566625
3 42 291444418
3 43 332739022
3 44 378727107
3 45 429955907
3 46 486759290
3 47 549768058
3 48 619321771
3 49 696169551
3 50 780690332
3 51 873696344
3 52 975639517
3 53 1087441885
3 54 1209554672
3 55 1343056904
3 56 1488444857
3 57 1646876205
3 58 1818937942
3 59 2005928250
3 60 2208423519
3 61 2427924823
3 62 2665058494
3 63 2921421502
3 64 3197750543
3 65 3495818555
3 66 3816337656
3 67 4161337380
3 68 4531583601
3 69 4929220705
3 70 5355146500
3 71 5811721844
3 72 6299801341
3 73 6822064529
3 74 7379422218
3 75 7974689462
3 76 8608932499
3 77 9285228691
3 78 10004577218
3 79 10770445162
3 80 11583888707
3 81 12448532823
3 82 13365614540
3 83 14339072592
3 84 15370047293
3 85 16462947669
3 86 17618969896
3 87 18842704968
3 88 20135557249
3 89 21502488861
3 90 22944771414
3 91 24467928002
3 92 26073282727
3 93 27766566439
3 94 29549340694
3 95 31427771030
3 96 33403243255
3 97 35482585243
3 98 37667229408
3 99 39964238876
4 0 0
4 1 59
4 2 571
4 3 2761
4 4 9563
4 5 27471
4 6 67834
4 7 151558
4 8 311755
4 9 600211
4 10 1094907
4 11 1911145
4 12 3203731
4 13 5200179
4 14 8195828
4 15 12587220
4 16 18893477
4 17 27795489
4 18 40121705
4 19 56978271
4 20 79681161
4 21 109888613
4 22 149619132
4 23 201363096
4 24 267990509
4 25 353155413
4 26 460984213
4 27 596485067
4 28 765483581
4 29 974940621
4 30 1232585306
4 31 1547962794
4 32 1931482787
4 33 2395524263
4 34 2954012367
4 35 3623235973
4 36 4420802447
4 37 5368080243
4 38 6487750302
4 39 7806404658
4 40 9353211719
4 41 11161890031
4 42 13268085431
4 43 15714522477
4 44 18545603431
4 45 21812998759
4 46 25572181696
4 47 29886740880
4 48 34822700121
4 49 40458661365
4 50 46874817525
4 51 54163990555
4 52 62424086365
4 53 71766890385
4 54 82306587224
4 55 94178454148
4 56 107518377041
4 57 122483349529
4 58 139236300465
4 59 157962760663
4 60 178849596081
4 61 202117808321
4 62 227986193374
4 63 256707272798
4 64 288539450007
4 65 323776950899
4 66 362712170587
4 67 405690589497
4 68 453049893363
4 69 505180252479
4 70 562475585810
4 71 625384611118
4 72 694347944267
4 73 769886737987
4 74 852504120083
4 75 942782235761
4 76 1041301763891
4 77 1148725564019
4 78 1265696928156
4 79 1392977758460
4 80 1531295394685
4 81 1681493825329
4 82 1844405003129
4 83 2020980787895
4 84 2212135067537
4 85 2418953192085
4 86 2642459846908
4 87 2883847539680
4 88 3144279070173
4 89 3425089470741
4 90 3727546868813
4 91 4053161561531
4 92 4403344878565
4 93 4779745876485
4 94 5183955249306
4 95 5617805667866
4 96 6083020709035
4 97 6581660990407
4 98 7115632443655
4 99 7687170831461
5 0 0
5 1 89
5 2 1161
5 3 6825
5 4 27471
5 5 88897
5 6 245738
5 7 606886
5 8 1371005
5 9 2880459
5 10 5703351
5 11 10753003
5 12 19414389
5 13 33798099
5 14 56981730
5 15 93348922
5 16 149111555
5 17 232869109
5 18 356227721
5 19 534942777
5 20 789796195
5 21 1147994693
5 22 1645025702
5 23 2326421042
5 24 3249774073
5 25 4488510607
5 26 6134212903
5 27 8300420387
5 28 11128189177
5 29 14790419727
5 30 19496916182
5 31 25504386374
5 32 33120983711
5 33 42716226041
5 34 54733901209
5 35 69700585281
5 36 88237494087
5 37 111083268569
5 38 139101389106
5 39 173301369214
5 40 214866286869
5 41 265169403699
5 42 325795487591
5 43 398588928771
5 44 485663228949
5 45 589445017523
5 46 712725615538
5 47 858686739794
5 48 1030940994755
5 49 1233626639397
5 50 1471410880809
5 51 1749575024441
5 52 2074103577851
5 53 2451729825237
5 54 2889996580198
5 55 3397430363330
5 56 3983529609537
5 57 4658921297943
5 58 5435502269615
5 59 6326508576883
5 60 7346607839761
5 61 8512216556967
5 62 9841426274406
5 63 11354286732702
5 64 13073020490583
5 65 15022139053057
5 66 17228556702969
5 67 19722127424089
5 68 22535469821679
5 69 25704463946553
5 70 29268532908018
5 71 33270834863486
5 72 37758388093069
5 73 42782991573995
5 74 48400807587279
5 75 54673200482715
5 76 61667111917413
5 77 69455380270771
5 78 78116818507210
5 79 87737711053354
5 80 98411006938451
5 81 110237737752837
5 82 123327386171913
5 83 137798437651249
5 84 153778347366419
5 85 171405959780253
5 86 190829976931998
5 87 212211231600906
5 88 235723048079273
5 89 261552189685103
5 90 289898476731759
5 91 320978597803307
5 92 355023442701185
5 93 392281783083655
5 94 433020325453702
5 95 477525288754150
5 96 526101502502295
5 97 579078290066817
5 98 636804929183689
5 99 699656370429401
6 0 0
6 1 125
6 2 2082
6 3 14628
6 4 67834
6 5 245738
6 6 750171
6 7 2022027
6 8 4950774
6 9 11208996
6 10 23801725
6 11 47918827
6 12 92122849
6 13 170217301
6 14 303831152
6 15 525807328
6 16 885434889
6 17 1454922051
6 18 2338126048
6 19 3682518054
6 20 5694261040
6 21 8657254636
6 22 12959563441
6 23 19123544981
6 24 27845476912
6 25 40046204046
6 26 56933002381
6 27 80069004219
6 28 111474051549
6 29 153728219641
6 30 210107058144
6 31 284747834696
6 32 382840469733
6 33 510843295819
6 34 676785714672
6 35 890552758422
6 36 1164279878140
6 37 1512797546164
6 38 1954146662311
6 39 2510125443731
6 40 3207078876682
6 41 4076604599880
6 42 5156508976259
6 43 6491875250513
6 44 8136280296103
6 45 10153050674643
6 46 12617110236390
6 47 15616450276062
6 48 19254327803327
6 49 23651573229069
6 50 28949169605840
6 51 35310886085646
6 52 42927169258468
6 53 52018134378680
6 54 62838060971779
6 55 75679940362523
6 56 90880709007638
6 57 108826272552092
6 58 129959269411807
6 59 154784482882889
6 60 183877617142583
6 61 217893956824839
6 62 257577858000744
6 63 303771984853264
6 64 357431885583825
6 65 419635434323779
6 66 491598976589350
6 67 574692266784848
6 68 670455706604042
6 69 780616370908098
6 70 907113741267265
6 71 1.05211535432804e+15
6 72 1.21804494565606e+15
6 73 1.4076083070896e+15
6 74 1.62382203046825e+15
6 75 1.87003986442541e+15
6 76 2.14999745122236e+15
6 77 2.46783661864591e+15
6 78 2.82815298200884e+15
6 79 3.23603756999749e+15
6 80 3.69712416432538e+15
6 81 4.2176323796572e+15
6 82 4.8044398931586e+15
6 83 5.46511975051158e+15
6 84 6.20801831469649e+15
6 85 7.04232130278263e+15
6 86 7.97812832369854e+15
6 87 9.02651802257076e+15
6 88 1.01996657686941e+16
6 89 1.15108984593408e+16
6 90 1.2974816431206e+16
6 91 1.46073951674245e+16
6 92 1.64260990199833e+16
6 93 1.84499821961317e+16
6 94 2.06998693022539e+16
6 95 2.3198432359027e+16
6 96 2.59703817526562e+16
6 97 2.90426170808103e+16
6 98 3.24443968444715e+16
6 99 3.62074857073765e+16
7 0 0
7 1 167
7 2 3506
7 3 28924
7 4 151558
7 5 606886
7 6 2022027
7 7 5889785
7 8 15478936
7 9 37430470
7 10 84524685
7 11 180279333
7 12 366134431
7 13 712752521
7 14 1337259104
7 15 2427820308
7 16 4281097403
7 17 7354003607
7 18 12337170426
7 19 20256406040
7 20 32612458522
7 21 51566312026
7 22 80195204617
7 23 122819126867
7 24 185438327120
7 25 276295340086
7 26 406617151963
7 27 591518147703
7 28 851218444013
7 29 1212507412751
7 30 1710625218444
7 31 2391588306420
7 32 3315103962873
7 33 4558041821129
7 34 6218938060136
7 35 8423149069618
7 36 11329446551664
7 37 15137740390272
7 38 20098644986563
7 39 26524415668701
7 40 34802923219724
7 41 45413292654310
7 42 58945215702911
7 43 76121237478271
7 44 97823774914613
7 45 125125291341199
7 46 159326522509342
7 47 201997324666130
7 48 255027689996313
7 49 320684827633077
7 50 401681218531134
7 51 501249544144020
7 52 623235897852202
7 53 772198388354154
7 54 953528217001979
7 55 1.17358226330091e+15
7 56 1.43984146810208e+15
7 57 1.76107996352852e+15
7 58 2.14757622317215e+15
7 59 2.61132969387642e+15
7 60 3.16632769623063e+15
7 61 3.82883431707091e+15
7 62 4.61772736009989e+15
7 63 5.55485694383642e+15
7 64 6.6654907242857e+15
7 65 7.97876140629098e+15
7 66 9.52821933351859e+15
7 67 1.13524132655246e+16
7 68 1.34955761207396e+16
7 69 1.60083393265004e+16
7 70 1.89486158200455e+16
7 71 2.23824751110932e+16
7 72 2.63852188503113e+16
7 73 3.10425067697397e+16
7 74 3.64516668354378e+16
7 75 4.27230429398067e+16
7 76 4.99816780286051e+16
7 77 5.83689321820286e+16
7 78 6.80444949172373e+16
7 79 7.91884461801472e+16
7 80 9.20036639114989e+16
7 81 1.06718281220468e+17
7 82 1.23588717574729e+17
7 83 1.42902571304201e+17
7 84 1.6498222785652e+17
7 85 1.9018850418724e+17
7 86 2.18924904091446e+17
7 87 2.51641867453914e+17
7 88 2.88842110606285e+17
7 89 3.31085595846589e+17
7 90 3.78995753793635e+17
7 91 4.33265710125537e+17
7 92 4.94665524263546e+17
7 93 5.64049404218724e+17
7 94 6.42364716514934e+17
7 95 7.30660229511771e+17
7 96 8.30096607331012e+17
7 97 9.4195666451276e+17
7 98 1.06765737442775e+18
7 99 1.20876163650126e+18
8 0 0
8 1 215
8 2 5503
8 3 52957
8 4 311755
8 5 1371005
8 6 4950774
8 7 15478936
8 8 43368014
8 9 111254416
8 10 265468453
8 11 596246219
8 12 1271713752
8 13 2593685846
8 14 5087430315
8 15 9638986911
8 16 17708639318
8 17 31646503350
8 18 55159009420
8 19 93980591598
8 20 156837602352
8 21 256794230666
8 22 413147952431
8 23 654002839709
8 24 1019803041157
8 25 1568058718399
8 26 2379746669966
8 27 3567624581904
8 28 5287366292013
8 29 7751898349547
8 30 11250094706372
8 31 16170732567632
8 32 23033325349639
8 33 32526842243719
8 34 45559448272787
8 35 63319939299885
8 36 87355790837899
8 37 119669091322121
8 38 162836826759498
8 39 220156928493792
8 40 295830698043672
8 41 395183057053650
8 42 524933072534765
8 43 693519769800163
8 44 911500324365886
8 45 1.19202270333055e+15
8 46 1.5514047522756e+15
8 47 2.00981332773711e+15
8 48 2.59208788089743e+15
8 49 3.32871034519366e+15
8 50 4.25696714949963e+15
8 51 5.42230642178386e+15
8 52 6.87996579129555e+15
8 53 8.6968579189612e+15
8 54 1.09538136110042e+16
8 55 1.37481783194342e+16
8 56 1.71968884184634e+16
8 57 2.14399953684501e+16
8 58 2.66448469361896e+16
8 59 3.3010846919638e+16
8 60 4.07750526146871e+16
8 61 5.02185848392611e+16
8 62 6.16740841081049e+16
8 63 7.55341785232437e+16
8 64 9.22614082975389e+16
8 65 1.12399381224159e+17
8 66 1.36585773221314e+17
8 67 1.65566974432005e+17
8 68 2.00215039573173e+17
8 69 2.41546695641508e+17
8 70 2.90745378488347e+17
8 71 3.49185787626409e+17
8 72 4.18462167823564e+17
8 73 5.0041998454635e+17
8 74 5.97192137719851e+17
8 75 7.11239189988743e+17
8 76 8.4539577822692e+17
8 77 1.00292164086962e+18
8 78 1.18756012864421e+18
8 79 1.40360300308946e+18
8 80 1.65596406053964e+18
8 81 1.95026040594865e+18
8 82 2.2929051418927e+18
8 83 2.6912087634734e+18
8 84 3.15349459897576e+18
8 85 3.68922569104269e+18
8 86 4.30914808249256e+18
8 87 5.02544731769491e+18
8 88 5.85192669196358e+18
8 89 6.80420036456143e+18
8 90 7.89991188221009e+18
8 91 9.15897301897315e+18
8 92 1.06038314478499e+19
8 93 1.22597621071351e+19
8 94 1.41551964339753e+19
8 95 1.63220765957254e+19
8 96 1.87962555963092e+19
8 97 2.16179304275929e+19
8 98 2.48321261119109e+19
8 99 2.84892185714325e+19
9 0 0
9 1 269
9 2 8313
9 3 91633
9 4 600211
9 5 2880459
9 6 11208996
9 7 37430470
9 8 111254416
9 9 301320666
9 10 756159241
9 11 1780372513
9 12 3970266380
9 13 8447307746
9 14 17250796735
9 15 33972265461
9 16 64773829334
9 17 119969356282
9 18 216451328978
9 19 381330265420
9 20 657341767284
9 21 1110715753166
9 22 1842570891381
9 23 3005059512397
9 24 4824171778301
9 25 7631373284417
9 26 11907516198316
9 27 18342415386982
9 28 27916027733979
9 29 42007201609359
9 30 62538934512822
9 31 92170420773702
9 32 134550234182931
9 33 194645865734905
9 34 279173532351705
9 35 397150302042097
9 36 560606325777671
9 37 785490281585415
9 38 1.09282449631339e+15
9 39 1.51015871181115e+15
9 40 2.07340645151074e+15
9 41 2.82914091223876e+15
9 42 3.83746243160138e+15
9 43 5.17555358364176e+15
9 44 6.94209216410185e+15
9 45 9.26266962767996e+15
9 46 1.22964778466572e+16
9 47 1.6244455927166e+16
9 48 2.13592620017533e+16
9 49 2.79573665667801e+16
9 50 3.64337467560271e+16
9 51 4.7279591064438e+16
9 52 6.1103688665313e+16
9 53 7.86580632100268e+16
9 54 1.00868748236991e+17
9 55 1.28872456810972e+17
9 56 1.64060442708752e+17
9 57 2.08130430154899e+17
9 58 2.63148414437552e+17
9 59 3.31621549464271e+17
9 60 4.16584368201449e+17
9 61 5.21700182695113e+17
9 62 6.51380413304268e+17
9 63 8.10924156223254e+17
9 64 1.00668204310257e+18
9 65 1.24624702269251e+18
9 66 1.53867736206734e+18
9 67 1.89475532211062e+18
9 68 2.32728845009108e+18
9 69 2.85145781442396e+18
9 70 3.48522201687718e+18
9 71 4.24978289727881e+18
9 72 5.170123401839e+18
9 73 6.27562600918041e+18
9 74 7.60078494435149e+18
9 75 9.18602123252405e+18
9 76 1.10786201101931e+19
9 77 1.3333800082897e+19
9 78 1.60159374843292e+19
9 79 1.91999607688004e+19
9 80 2.29729424972174e+19
9 81 2.74359071169468e+19
9 82 3.27058893580121e+19
9 83 3.89182650348279e+19
9 84 4.62293984342305e+19
9 85 5.48196335618426e+19
9 86 6.48966835736963e+19
9 87 7.6699446697732e+19
9 88 9.05023246974261e+19
9 89 1.06620074926808e+20
9 90 1.25413280778439e+20
9 91 1.47294492899332e+20
9 92 1.72735135140949e+20
9 93 2.02273235749997e+20
9 94 2.36522112159774e+20
9 95 2.76180065678277e+20
9 96 3.22041251607342e+20
9 97 3.7500779566365e+20
9 98 4.36103344159303e+20
9 99 5.06488136584825e+20
10 0 0
10 1 329
10 2 12004
10 3 151010
10 4 1094907
10 5 5703351
10 6 23801725
10 7 84524685
10 8 265468453
10 9 756159241
10 10 1988257899
10 11 4889996393
10 12 11362008233
10 13 25134137575
10 14 53266210835
10 15 108685422141
10 16 214402426877
10 17 410327260891
10 18 764102754299
10 19 1387956238831
10 20 2464554631071
10 21 4285970660139
10 22 7311767748696
10 23 12254150698498
10 24 20201675621887
10 25 32796383512435
10 26 52485931781744
10 27 82877057156924
10 28 129228591138227
10 29 199131691941749
10 30 303441443662824
10 31 457541990804476
10 32 683054291164945
10 33 1.01012093302765e+15
10 34 1.48044952694393e+15
10 35 2.15133100744116e+15
10 36 3.10092920752894e+15
10 37 4.43518248530068e+15
10 38 6.29678565637019e+15
10 39 8.87678876374264e+15
10 40 1.24295272551818e+16
10 41 1.72917380399129e+16
10 42 2.39069197280825e+16
10 43 3.28562267153919e+16
10 44 4.48975341057456e+16
10 45 6.1014546721295e+16
10 46 8.24784132132106e+16
10 47 1.10924588681117e+17
10 48 1.48448520683033e+17
10 49 1.97724206626235e+17
10 50 2.62150753449753e+17
10 51 3.46032778446105e+17
10 52 4.54801898462543e+17
10 53 5.95287771184533e+17
10 54 7.76048853583973e+17
10 55 1.00777456381088e+18
10 56 1.30377363839711e+18
10 57 1.68056454731228e+18
10 58 2.15858825947343e+18
10 59 2.76306600079969e+18
10 60 3.52502922543492e+18
10 61 4.48255330848847e+18
10 62 5.6822319068934e+18
10 63 7.18093423363472e+18
10 64 9.04789617411999e+18
10 65 1.13672020073187e+19
10 66 1.42407249951407e+19
10 67 1.7791601626121e+19
10 68 2.21683326558806e+19
10 69 2.75496102708703e+19
10 70 3.4149991216927e+19
10 71 4.222655298405e+19
10 72 5.20866857649074e+19
10 73 6.40972006113354e+19
10 74 7.86949590758731e+19
10 75 9.63992509651982e+19
10 76 1.17826194250161e+20
10 77 1.43705451091436e+20
10 78 1.74899607510764e+20
10 79 2.12426600971511e+20
10 80 2.57485645704338e+20
10 81 3.11487150782522e+20
10 82 3.76087189603621e+20
10 83 4.53227172138724e+20
10 84 5.45179430048736e+20
10 85 6.54599526375636e+20
10 86 7.84586219578783e+20
10 87 9.38750072511974e+20
10 88 1.12129189453394e+21
10 89 1.33709230309484e+21
10 90 1.59181382785501e+21
10 91 1.89201721382621e+21
10 92 2.24529371805769e+21
10 93 2.6604154312634e+21
10 94 3.14750587527138e+21
10 95 3.71823341756463e+21
10 96 4.38603030898348e+21
10 97 5.16634043579993e+21
10 98 6.07689932137843e+21
10 99 7.13805017846255e+21
11 0 0
11 1 395
11 2 16892
11 3 239846
11 4 1911145
11 5 10753003
11 6 47918827
11 7 180279333
11 8 596246219
11 9 1780372513
11 10 4889996393
11 11 12525903617
11 12 30238808881
11 13 69357766173
11 14 152135976897
11 15 320802590861
11 16 653121716347
11 17 1288453915435
11 18 2470546342601
11 19 4616318825167
11 20 8424634828649
11 21 15045357553899
11 22 26338510808190
11 23 45265551466564
11 24 76473240058839
11 25 127153285604321
11 26 208296512330420
11 27 336499795823208
11 28 536547089232175
11 29 845061207888755
11 30 1.31562507754432e+15
11 31 2.02590435437309e+15
11 32 3.08748038286264e+15
11 33 4.65931806286716e+15
11 34 6.96609154248038e+15
11 35 1.03229388314719e+16
11 36 1.51687197410596e+16
11 37 2.21103791824691e+16
11 38 3.19818375938819e+16
11 39 4.59216818674904e+16
11 40 6.54751339501059e+16
11 41 9.27272528885777e+16
11 42 1.30476004388727e+17
11 43 1.82456105144071e+17
11 44 2.53627307098587e+17
11 45 3.50543938792497e+17
11 46 4.81826784469013e+17
11 47 6.58763055467358e+17
11 48 8.96066413886705e+17
11 49 1.21283598758445e+18
11 50 1.63376231124304e+18
11 51 2.19063840183074e+18
11 52 2.92424638174235e+18
11 53 3.88670619740188e+18
11 54 5.14438944994759e+18
11 55 6.78152313769266e+18
11 56 8.90463485651694e+18
11 57 1.16480185058147e+19
11 58 1.51804358541424e+19
11 59 1.97133130886026e+19
11 60 2.55107363810684e+19
11 61 3.29016133556271e+19
11 62 4.22944295536881e+19
11 63 5.41951126459708e+19
11 64 6.92286045077615e+19
11 65 8.81648563656655e+19
11 66 1.11950078639793e+20
11 67 1.41744223957571e+20
11 68 1.7896585743396e+20
11 69 2.25345757551874e+20
11 70 2.82990800284601e+20
11 71 3.54459985040794e+20
11 72 4.42854688087344e+20
11 73 5.51925643810416e+20
11 74 6.86199498298243e+20
11 75 8.51128256734207e+20
11 76 1.05326544016566e+21
11 77 1.30047340497249e+21
11 78 1.60216687087922e+21
11 79 1.96959855599035e+21
11 80 2.41619363046295e+21
11 81 2.95794078882803e+21
11 82 3.61384864066322e+21
11 83 4.40647777952196e+21
11 84 5.36255991116046e+21
11 85 6.51371742233796e+21
11 86 7.89729840895314e+21
11 87 9.55734437689356e+21
11 88 1.15457100153515e+22
11 89 1.39233576037267e+22
11 90 1.67618507234672e+22
11 91 2.01450763391371e+22
11 92 2.41712271554528e+22
11 93 2.89550812784323e+22
11 94 3.46306197907577e+22
11 95 4.13540297924497e+22
11 96 4.93071446058139e+22
11 97 5.8701380930798e+22
11 98 6.97822391374583e+22
11 99 8.28344422539255e+22
12 0 0
12 1 467
12 2 23035
12 3 367035
12 4 3203731
12 5 19414389
12 6 92122849
12 7 366134431
12 8 1271713752
12 9 3970266380
12 10 11362008233
12 11 30238808881
12 12 75667684796
12 13 179545858142
12 14 406730722207
12 15 884446151133
12 16 1854488766900
12 17 3763539048196
12 18 7415996847831
12 19 14227151638727
12 20 26634983434281
12 21 48758365279103
12 22 87433063989147
12 23 153817896705301
12 24 265852351514798
12 25 451967399140942
12 26 756627903480558
12 27 1.24851346897544e+15
12 28 2.03247230461859e+15
12 29 3.26682172089616e+15
12 30 5.1881513795841e+15
12 31 8.14657786622706e+15
12 32 1.265544826344e+16
12 33 1.94608659977239e+16
12 34 2.96382269211622e+16
12 35 4.47253046445203e+16
12 36 6.69045514851592e+16
12 37 9.92511264421375e+16
12 38 1.46068388858607e+17
12 39 2.13339005509449e+17
12 40 3.09328038804395e+17
12 41 4.45385199056111e+17
12 42 6.37006176701596e+17
12 43 9.05230000636537e+17
12 44 1.27847008460644e+18
12 45 1.79490259580615e+18
12 46 2.50556800830506e+18
12 47 3.47838191502689e+18
12 48 4.80330018637116e+18
12 49 6.59894464162565e+18
12 50 9.02106966785678e+18
12 51 1.22733424433431e+19
12 52 1.66210169596391e+19
12 53 2.24082238375456e+19
12 54 3.00797540410219e+19
12 55 4.02084173292437e+19
12 56 5.35292959842095e+19
12 57 7.0982500851576e+19
12 58 9.37663745633725e+19
12 59 1.23403519247357e+20
12 60 1.61822493702175e+20
12 61 2.11458642460726e+20
12 62 2.75378190001269e+20
12 63 3.57430596035042e+20
12 64 4.62435111922545e+20
12 65 5.96408699783715e+20
12 66 7.66843787506728e+20
12 67 9.8304598783952e+20
12 68 1.25654379907777e+21
12 69 1.60158457351404e+21
12 70 2.03573351667943e+21
12 71 2.58059580254456e+21
12 72 3.26268509783405e+21
12 73 4.11446629145176e+21
12 74 5.175604792246e+21
12 75 6.49446058822711e+21
12 76 8.12987150448003e+21
12 77 1.01532780591964e+22
12 78 1.26512504822401e+22
12 79 1.57284890665093e+22
12 80 1.9511380179225e+22
12 81 2.41522043196492e+22
12 82 2.98341066182182e+22
12 83 3.67769598821948e+22
12 84 4.52442682848316e+22
12 85 5.55512849277403e+22
12 86 6.80745416601349e+22
12 87 8.32630209777302e+22
12 88 1.01651232610635e+23
12 89 1.23874500336574e+23
12 90 1.50686804404488e+23
12 91 1.82981581473614e+23
12 92 2.21815937042218e+23
12 93 2.68438796288163e+23
12 94 3.24323586828306e+23
12 95 3.91206141101671e+23
12 96 4.71128591166148e+23
12 97 5.66490145417546e+23
12 98 6.80105751924264e+23
12 99 8.15273798740026e+23
13 0 0
13 1 545
13 2 30833
13 3 547155
13 4 5200179
13 5 33798099
13 6 170217301
13 7 712752521
13 8 2593685846
13 9 8447307746
13 10 25134137575
13 11 69357766173
13 12 179545858142
13 13 439892131656
13 14 1027236757069
13 15 2299393162481
13 16 4956830180124
13 17 10330831739068
13 18 20885169563051
13 19 41070490070961
13 20 78751297509193
13 21 147546518813409
13 22 270605933241413
13 23 486609599526773
13 24 859165686011860
13 25 1.49133358316515e+15
13 26 2.54780077340397e+15
13 27 4.28834863667575e+15
13 28 7.11780660314641e+15
13 29 1.16598764562745e+16
13 30 1.88651657742997e+16
13 31 3.01678615147743e+16
13 32 4.77109925326406e+16
13 33 7.46676891972085e+16
13 34 1.1569577045711e+17
13 35 1.77576271898019e+17
13 36 2.70104151128384e+17
13 37 4.07322291963783e+17
13 38 6.09220339773601e+17
13 39 9.04059236931707e+17
13 40 1.33153282396771e+18
13 41 1.94704485289766e+18
13 42 2.82746262426505e+18
13 43 4.07881779656589e+18
13 44 5.84656170103385e+18
13 45 8.32915789538015e+18
13 46 1.17960137667225e+19
13 47 1.66110329370817e+19
13 48 2.32634159023035e+19
13 49 3.24077745646678e+19
13 50 4.49161665109367e+19
13 51 6.19453354192582e+19
13 52 8.50232645554222e+19
13 53 1.16160205273598e+20
13 54 1.5799058523486e+20
13 55 2.13953776467279e+20
13 56 2.88523605713755e+20
13 57 3.87498829076129e+20
13 58 5.18369587294319e+20
13 59 6.90778380325181e+20
13 60 9.17098178726043e+20
13 61 1.2131554369223e+21
13 62 1.5991317554849e+21
13 63 2.10068538441116e+21
13 64 2.75034239313482e+21
13 65 3.58921809269476e+21
13 66 4.66914166760246e+21
13 67 6.05527216662937e+21
13 68 7.82931181223937e+21
13 69 1.00934441002103e+22
13 70 1.29751488399753e+22
13 71 1.66330772012595e+22
13 72 2.12642039150072e+22
13 73 2.71125166947234e+22
13 74 3.44795511347793e+22
13 75 4.37371380039347e+22
13 76 5.53427965394635e+22
13 77 6.98582886059339e+22
13 78 8.79719395609336e+22
13 79 1.10525442373732e+23
13 80 1.38545986744671e+23
13 81 1.73284705646556e+23
13 82 2.162625983885e+23
13 83 2.69325296853048e+23
13 84 3.34708265244269e+23
13 85 4.15114299261304e+23
13 86 5.13805496303491e+23
13 87 6.34712232254285e+23
13 88 7.82562086928187e+23
13 89 9.63032152112675e+23
13 90 1.18292868695381e+24
13 91 1.45039873747374e+24
13 92 1.77517904542112e+24
13 93 2.16888842383615e+24
13 94 2.64537070355631e+24
13 95 3.22109648461145e+24
13 96 3.91563313579745e+24
13 97 4.75219394292144e+24
13 98 5.75827890809279e+24
13 99 6.96642158872201e+24
14 0 0
14 1 629
14 2 40326
14 3 793986
14 4 8195828
14 5 56981730
14 6 303831152
14 7 1337259104
14 8 5087430315
14 9 17250796735
14 10 53266210835
14 11 152135976897
14 12 406730722207
14 13 1027236757069
14 14 2468874165461
14 15 5680040372807
14 16 12569871064201
14 17 26865147970613
14 18 55642441931469
14 19 112005942684053
14 20 219672559672280
14 21 420676347172676
14 22 788092391797278
14 23 1.44671580498854e+15
14 24 2.60617572158908e+15
14 25 4.61322626585735e+15
14 26 8.0332765345704e+15
14 27 1.37759749154623e+16
14 28 2.32864548281952e+16
14 29 3.88335344966385e+16
14 30 6.39396258760148e+16
14 31 1.04016006481863e+17
14 32 1.67293133579211e+17
14 33 2.66171558277605e+17
14 34 4.19167640132244e+17
14 35 6.5369455193376e+17
14 36 1.01000827540021e+18
14 37 1.54676733824252e+18
14 38 2.34881419321371e+18
14 39 3.53799714059599e+18
14 40 5.28812750870001e+18
14 41 7.84553427699475e+18
14 42 1.15571493778883e+19
14 43 1.69086780862064e+19
14 44 2.45762053776217e+19
14 45 3.54956227381689e+19
14 46 5.09555759294734e+19
14 47 7.27213321846987e+19
14 48 1.03199108447062e+20
14 49 1.45653142570078e+20
14 50 2.04491234145444e+20
14 51 2.85638856241612e+20
14 52 3.97027365068021e+20
14 53 5.49228751917499e+20
14 54 7.56277860519436e+20
14 55 1.03673368476616e+21
14 56 1.41504454797832e+21
14 57 1.92329836735405e+21
14 58 2.60345924122078e+21
14 59 3.51021667192458e+21
14 60 4.71460396294163e+21
14 61 6.30857996388882e+21
14 62 8.41081367934834e+21
14 63 1.11739672361737e+22
14 64 1.47938398653524e+22
14 65 1.95208182676559e+22
14 66 2.567417745891e+22
14 67 3.36598966565802e+22
14 68 4.39927991416184e+22
14 69 5.7323999916206e+22
14 70 7.44748521779105e+22
14 71 9.64788371615006e+22
14 72 1.24633137865476e+23
14 73 1.60561998230539e+23
14 74 2.06294392962957e+23
14 75 2.64359042886152e+23
14 76 3.3790040931288e+23
14 77 4.30820019990723e+23
14 78 5.47948318213967e+23
14 79 6.95253230157907e+23
14 80 8.8009281875669e+23
14 81 1.11152078845822e+24
14 82 1.40065522052829e+24
14 83 1.76112285770981e+24
14 84 2.20959348091934e+24
14 85 2.76642157106174e+24
14 86 3.45641551191079e+24
14 87 4.30975819686187e+24
14 88 5.36310706729712e+24
14 89 6.66090653222427e+24
14 90 8.25695133768713e+24
14 91 1.02162461006711e+25
14 92 1.26172138206731e+25
14 93 1.55543150960228e+25
14 94 1.91411499437726e+25
14 95 2.35141260829625e+25
14 96 2.88367911149215e+25
14 97 3.53049418916044e+25
14 98 4.31526424785816e+25
14 99 5.26593031257325e+25
15 0 0
15 1 719
15 2 52006
15 3 1127842
15 4 12587220
15 5 93348922
15 6 525807328
15 7 2427820308
15 8 9638986911
15 9 33972265461
15 10 108685422141
15 11 320802590861
15 12 884446151133
15 13 2299393162481
15 14 5680040372807
15 15 13413330080015
15 16 30432921726819
15 17 66616704932225
15 18 141182959892199
15 19 290563454534837
15 20 582204402072482
15 21 1.13828967873569e+15
15 22 2.17579090568198e+15
15 23 4.07296435681521e+15
15 24 7.47806810415184e+15
15 25 1.3484556800772e+16
15 26 2.39096635171522e+16
15 27 4.17318562328792e+16
15 28 7.17696731089232e+16
15 29 1.21723641588374e+17
15 30 2.03758751679837e+17
15 31 3.36884418408571e+17
15 32 5.50500489418393e+17
15 33 8.89634313724598e+17
15 34 1.42261019667838e+18
15 35 2.25219180894927e+18
15 36 3.53164765276909e+18
15 37 5.48774677215775e+18
15 38 8.45344652672875e+18
15 39 1.29140518381811e+19
15 40 1.95719808807192e+19
15 41 2.94370926422248e+19
15 42 4.3951924369789e+19
15 43 6.5164364541095e+19
15 44 9.59644420855087e+19
15 45 1.40407366635646e+20
15 46 2.04152026029257e+20
15 47 2.95053360703822e+20
15 48 4.23958884300123e+20
15 49 6.05774921420966e+20
15 50 8.60887698249001e+20
15 51 1.21704950596929e+21
15 52 1.71187191320146e+21
15 53 2.39610860830237e+21
15 54 3.33796143626265e+21
15 55 4.62870780625086e+21
15 56 6.39002866388086e+21
15 57 8.78351802975325e+21
15 58 1.20229817350438e+22
15 59 1.63902919126781e+22
15 60 2.22557599520358e+22
15 61 3.01042352793983e+22
15 62 4.0568438343147e+22
15 63 5.4471409215903e+22
15 64 7.28804100081815e+22
15 65 9.71751830041788e+22
15 66 1.29134153594087e+23
15 67 1.71043009450173e+23
15 68 2.25831112631056e+23
15 69 2.97242451917793e+23
15 70 3.9004935371822e+23
15 71 5.10319014467849e+23
15 72 6.65745129930718e+23
15 73 8.66059585762728e+23
15 74 1.12354239760075e+24
15 75 1.45365197887561e+24
15 76 1.87580246743979e+24
15 77 2.41432043932429e+24
15 78 3.09962000507528e+24
15 79 3.96964326951035e+24
15 80 5.07162263395112e+24
15 81 6.4642327551364e+24
15 82 8.22021337594853e+24
15 83 1.04295602458711e+25
15 84 1.32034001839814e+25
15 85 1.66786887172791e+25
15 86 2.10238950795333e+25
15 87 2.64458704943756e+25
15 88 3.31981322388867e+25
15 89 4.15908391608037e+25
15 90 5.20027847748382e+25
15 91 6.48957934986914e+25
15 92 8.08319749611931e+25
15 93 1.00494372681532e+26
15 94 1.24711638148175e+26
15 95 1.54487472308347e+26
15 96 1.91035705294292e+26
15 97 2.35822035507348e+26
15 98 2.90613623676719e+26
15 99 3.57537940393242e+26
16 0 0
16 1 815
16 2 65887
16 3 1569571
16 4 18893477
16 5 149111555
16 6 885434889
16 7 4281097403
16 8 17708639318
16 9 64773829334
16 10 214402426877
16 11 653121716347
16 12 1854488766900
16 13 4956830180124
16 14 12569871064201
16 15 30432921726819
16 16 70711138656127
16 17 158354789224699
16 18 343042319042016
16 19 721068839726180
16 20 1.47457880761332e+15
16 21 2.94047241560761e+15
16 22 5.72918437213604e+15
16 23 1.09259275595292e+16
16 24 2.04262387961449e+16
16 25 3.74871606807201e+16
16 26 6.76201646876942e+16
16 27 1.20019039847506e+17
16 28 2.09815413287802e+17
16 29 3.61601223422664e+17
16 30 6.14870400843468e+17
16 31 1.03234016232097e+18
16 32 1.7125531016582e+18
16 33 2.80878886649463e+18
16 34 4.55719769739619e+18
16 35 7.31830825701059e+18
16 36 1.16377872430125e+19
16 37 1.83347133403608e+19
16 38 2.86289063330595e+19
16 39 4.4323338074989e+19
16 40 6.80637308255964e+19
16 41 1.03705698549144e+20
16 42 1.56830837557879e+20
16 43 2.35468004978516e+20
16 44 3.51095736919673e+20
16 45 5.20027943945013e+20
16 46 7.65319511849891e+20
16 47 1.11937386803457e+21
16 48 1.62749392791272e+21
16 49 2.35269533487772e+21
16 50 3.38220144711504e+21
16 51 4.83616982361596e+21
16 52 6.87936755658136e+21
16 53 9.7367288128094e+21
16 54 1.37140037759625e+22
16 55 1.92250609060447e+22
16 56 2.68278528034798e+22
16 57 3.72716253511822e+22
16 58 5.1558668386739e+22
16 59 7.10248148276544e+22
16 60 9.74440347713739e+22
16 61 1.33163903224914e+23
16 62 1.81280508153607e+23
16 63 2.45863599546454e+23
16 64 3.32245555259056e+23
16 65 4.47391189777968e+23
16 66 6.00369698232838e+23
16 67 8.0295530249573e+23
16 68 1.07038966388684e+24
16 69 1.42234712422782e+24
16 70 1.88415363297149e+24
16 71 2.48832224346636e+24
16 72 3.2764827158266e+24
16 73 4.30180067188643e+24
16 74 5.63200351229966e+24
16 75 7.35315676678326e+24
16 76 9.57436659805225e+24
16 77 1.24336230044443e+25
16 78 1.61050451154411e+25
16 79 2.08078464951071e+25
16 80 2.68174063783193e+25
16 81 3.44789145367868e+25
16 82 4.42241554246959e+25
16 83 5.65921147807298e+25
16 84 7.22542321571652e+25
16 85 9.20452905083556e+25
16 86 1.17001133705593e+26
16 87 1.4840464064035e+26
16 88 1.87841667020138e+26
16 89 2.37269001426932e+26
16 90 2.99096779272114e+26
16 91 3.76288268561969e+26
16 92 4.72480496775691e+26
16 93 5.92129843815609e+26
16 94 7.40687498207639e+26
16 95 9.24810583306149e+26
16 96 1.15261582872185e+27
16 97 1.43398391672177e+27
16 98 1.78092410446577e+27
16 99 2.20801044572254e+27
17 0 0
17 1 917
17 2 82561
17 3 2148815
17 4 27795489
17 5 232869109
17 6 1454922051
17 7 7354003607
17 8 31646503350
17 9 119969356282
17 10 410327260891
17 11 1288453915435
17 12 3763539048196
17 13 10330831739068
17 14 26865147970613
17 15 66616704932225
17 16 158354789224699
17 17 362457586503345
17 18 801827429306602
17 19 1.71980923340219e+15
17 20 3.5862263703027e+15
17 21 7.28746900705174e+15
17 22 1.44607225717684e+16
17 23 2.8071234306175e+16
17 24 5.33929682778946e+16
17 25 9.96490354618345e+16
17 26 1.82716663239415e+17
17 27 3.29528069821181e+17
17 28 5.85140463287477e+17
17 29 1.02396061416193e+18
17 30 1.76736694270108e+18
17 31 3.01108533424186e+18
17 32 5.06729425217706e+18
17 33 8.42877555362107e+18
17 34 1.38657776140884e+19
17 35 2.25710279305211e+19
17 36 3.63750704113653e+19
17 37 5.80635583572583e+19
17 38 9.18413189540184e+19
17 39 1.44006296531704e+20
17 40 2.23921651718571e+20
17 41 3.45408857213275e+20
17 42 5.2873166194951e+20
17 43 8.03404665083297e+20
17 44 1.21214635321038e+21
17 45 1.81641222270237e+21
17 46 2.70409823539309e+21
17 47 4.00021088329652e+21
17 48 5.88157299047036e+21
17 49 8.59699475113323e+21
17 50 1.24948130837823e+22
17 51 1.80603230166342e+22
17 52 2.5966433812878e+22
17 53 3.71419356392247e+22
17 54 5.2863125440177e+22
17 55 7.48763015078246e+22
17 56 1.05560901562755e+23
17 57 1.48145966552777e+23
17 58 2.06996327197224e+23
17 59 2.87989651799662e+23
17 60 3.9901151581509e+23
17 61 5.50603292708069e+23
17 62 7.56807316952362e+23
17 63 1.03626594365967e+24
17 64 1.41364642838895e+24
17 65 1.92148274784134e+24
17 66 2.60254948981574e+24
17 67 3.51291290630481e+24
17 68 4.72584152883554e+24
17 69 6.33680509452702e+24
17 70 8.469847939294e+24
17 71 1.12856940633736e+25
17 72 1.4992028668535e+25
17 73 1.98565088853073e+25
17 74 2.62231889712765e+25
17 75 3.45332078510128e+25
17 76 4.53507858169775e+25
17 77 5.93958202739044e+25
17 78 7.75846667086553e+25
17 79 1.0108105163147e+26
17 80 1.3135950225995e+26
17 81 1.70284208889582e+26
17 82 2.20206878632594e+26
17 83 2.84087916235846e+26
17 84 3.65646204757957e+26
17 85 4.69543887655861e+26
17 86 6.01613911117339e+26
17 87 7.6913971493732e+26
17 88 9.81198413439397e+26
17 89 1.24908114600037e+27
17 90 1.58680707053766e+27
17 91 2.01175080761698e+27
17 92 2.54540711626475e+27
17 93 3.21432131051635e+27
17 94 4.05121954413137e+27
17 95 5.09637975847479e+27
17 96 6.39929199084338e+27
17 97 8.02066609159932e+27
17 98 1.00348559544775e+28
17 99 1.2532782414402e+28
18 0 0
18 1 1025
18 2 102008
18 3 2891764
18 4 40121705
18 5 356227721
18 6 2338126048
18 7 12337170426
18 8 55159009420
18 9 216451328978
18 10 764102754299
18 11 2470546342601
18 12 7415996847831
18 13 20885169563051
18 14 55642441931469
18 15 141182959892199
18 16 343042319042016
18 17 801827429306602
18 18 1.80986676769953e+15
18 19 3.95785931399637e+15
18 20 8.40884792624701e+15
18 21 1.73990622893287e+16
18 22 3.51353648993256e+16
18 23 6.93739831382475e+16
18 24 1.34150652614879e+17
18 25 2.54427438498535e+17
18 26 4.7388545934677e+17
18 27 8.67813608169495e+17
18 28 1.56414973579114e+18
18 29 2.77741448371128e+18
18 30 4.8628100821213e+18
18 31 8.40153455248393e+18
18 32 1.43339442250516e+19
18 33 2.41653857149229e+19
18 34 4.02814184881582e+19
18 35 6.64263328547736e+19
18 36 1.08423490066262e+20
18 37 1.75251051569764e+20
18 38 2.80636200055758e+20
18 39 4.45400586295902e+20
18 40 7.00886904184299e+20
18 41 1.09393154862961e+21
18 42 1.69403464520519e+21
18 43 2.60363483166997e+21
18 44 3.97274597209655e+21
18 45 6.01968885923884e+21
18 46 9.0602946951216e+21
18 47 1.3548824737522e+22
18 48 2.013501377323e+22
18 49 2.97431989814377e+22
18 50 4.36815621478767e+22
18 51 6.3792251261815e+22
18 52 9.26567592604323e+22
18 53 1.33875688262461e+23
18 54 1.92448248050012e+23
18 55 2.75284958848537e+23
18 56 3.91897592230337e+23
18 57 5.55324083280752e+23
18 58 7.83363845908643e+23
18 59 1.10022173490756e+24
18 60 1.53868818998221e+24
18 61 2.14302061756004e+24
18 62 2.97273897227548e+24
18 63 4.1076095125031e+24
18 64 5.65416817690841e+24
18 65 7.75423316339877e+24
18 66 1.05959802597364e+25
18 67 1.44283106823006e+25
18 68 1.95794375388232e+25
18 69 2.64808632743304e+25
18 70 3.56982284636284e+25
18 71 4.79708968518213e+25
18 72 6.42626203272866e+25
18 73 8.58262225505737e+25
18 74 1.14285977774053e+26
18 75 1.51742274351188e+26
18 76 2.00904279830976e+26
18 77 2.65257713902336e+26
18 78 3.49276544450722e+26
18 79 4.5868951973767e+26
18 80 6.00815020434323e+26
18 81 7.84980859244042e+26
18 82 1.02304949402987e+27
18 83 1.33007379826009e+27
18 84 1.72511422357591e+27
18 85 2.23225510084077e+27
18 86 2.88186620687582e+27
18 87 3.71216586853664e+27
18 88 4.77115413691579e+27
18 89 6.11899935909552e+27
18 90 7.83097930051327e+27
18 91 1.00010994136835e+28
18 92 1.27465366086069e+28
18 93 1.62130877741975e+28
18 94 2.05818393061072e+28
18 95 2.60773181529862e+28
18 96 3.2977437759057e+28
18 97 4.1625615326897e+28
18 98 5.24455119337816e+28
18 99 6.59589363745411e+28
19 0 0
19 1 1139
19 2 124928
19 3 3841280
19 4 56978271
19 5 534942777
19 6 3682518054
19 7 20256406040
19 8 93980591598
19 9 381330265420
19 10 1387956238831
19 11 4616318825167
19 12 14227151638727
19 13 41070490070961
19 14 112005942684053
19 15 290563454534837
19 16 721068839726180
19 17 1.71980923340219e+15
19 18 3.95785931399637e+15
19 19 8.81798479117252e+15
19 20 1.90744860782431e+16
19 21 4.01595012375813e+16
19 22 8.24735613422519e+16
19 23 1.65522200485998e+17
19 24 3.25192532759213e+17
19 25 6.26345403980054e+17
19 26 1.18427609361653e+18
19 27 2.20077185349618e+18
19 28 4.02388802844676e+18
19 29 7.24580748077896e+18
19 30 1.28611575448427e+19
19 31 2.25202859538973e+19
19 32 3.89301832936963e+19
19 33 6.64827922400605e+19
19 34 1.12230328576995e+20
19 35 1.87385617738632e+20
19 36 3.09610244951501e+20
19 37 5.06475607979497e+20
19 38 8.2065712272615e+20
19 39 1.31767118581962e+21
19 40 2.09731702879247e+21
19 41 3.31048146399593e+21
19 42 5.18365743353991e+21
19 43 8.05449083866288e+21
19 44 1.24230023637872e+22
19 45 1.90249643718877e+22
19 46 2.8936422530556e+22
19 47 4.37217721270954e+22
19 48 6.56424379152706e+22
19 49 9.79494713914967e+22
19 50 1.45291803774212e+23
19 51 2.14283175669437e+23
19 52 3.14285811494569e+23
19 53 4.58488903188955e+23
19 54 6.65386434017497e+23
19 55 9.60793781784125e+23
19 56 1.38058841929676e+24
19 57 1.97442012515468e+24
19 58 2.81071455735785e+24
19 59 3.98339612344621e+24
19 60 5.62088848301106e+24
19 61 7.89812224587728e+24
19 62 1.10525001948255e+25
